2.499999999999895639e+00
2.500000000000001332e+00
2.500000000000044853e+00
2.500000000000037303e+00
2.500000000000047962e+00
2.500000000000073719e+00
2.499999999999951150e+00
2.500000000000056399e+00
2.499999999999848121e+00
2.500000000000061284e+00
2.500000000000060396e+00
2.499999999999927169e+00
2.499999999999959144e+00
2.499999999999964917e+00
2.499999999999912070e+00
2.499999999999932498e+00
2.500000000000044409e+00
2.499999999999987121e+00
2.499999999999975575e+00
2.500000000000000888e+00
2.500000000000102141e+00
2.499999999999917399e+00
2.499999999999983569e+00
2.500000000000170086e+00
2.500000000000111466e+00
2.500000000000010658e+00
2.499999999999980016e+00
2.500000000000201172e+00
2.500000000000053291e+00
2.499999999999912959e+00
2.500000000000023537e+00
2.500000000000062172e+00
2.499999999999919620e+00
2.499999999999945377e+00
2.499999999999975575e+00
2.499999999999841016e+00
2.500000000000085709e+00
2.500000000000101252e+00
2.500000000000076827e+00
2.499999999999982681e+00
2.500000000000064393e+00
2.500000000000039968e+00
2.500000000000083045e+00
2.500000000000001332e+00
2.500000000000103917e+00
2.499999999999857447e+00
2.499999999999956923e+00
2.500000000000027089e+00
2.500000000000033751e+00
2.499999999999971134e+00
2.499999999999952038e+00
2.500000000000207834e+00
2.500000000000085265e+00
2.499999999999811262e+00
2.500000000000002220e+00
2.499999999999906741e+00
2.500000000000021316e+00
2.500000000000043077e+00
2.499999999999846345e+00
2.500000000000048406e+00
2.500000000000069278e+00
2.499999999999974243e+00
2.499999999999977796e+00
2.500000000000172307e+00
2.500000000000059064e+00
2.500000000000015987e+00
2.500000000000015987e+00
2.499999999999860112e+00
2.499999999999729106e+00
2.499999999999992450e+00
2.500000000000007105e+00
2.499999999999990230e+00
2.499999999999964917e+00
2.499999999999864553e+00
2.499999999999918288e+00
2.499999999999842792e+00
2.500000000000001776e+00
2.500000000000066169e+00
2.500000000000064837e+00
2.500000000000010214e+00
2.500000000000043521e+00
2.500000000000067057e+00
2.499999999999900524e+00
2.500000000000093703e+00
2.500000000000181632e+00
2.500000000000010658e+00
2.500000000000041744e+00
2.499999999999857003e+00
2.499999999999873435e+00
2.499999999999975131e+00
2.499999999999927613e+00
2.500000000000171418e+00
2.499999999999936939e+00
2.499999999999976907e+00
2.500000000000127898e+00
2.499999999999990674e+00
2.500000000000006661e+00
2.499999999999886757e+00
2.500000000000075939e+00
2.500000000000003553e+00
