1.240631431228195424e+03
1.236469724360180635e+03
1.218974727120888247e+03
1.145340892586705877e+03
1.264866619036720977e+03
1.250073587400541783e+03
1.108364254957575895e+03
1.205232196252164613e+03
1.348634344514115810e+03
1.370054371814342176e+03
1.379650369320052050e+03
1.370916310667445259e+03
1.268474675474710693e+03
1.222236390421404394e+03
1.290383627357564819e+03
1.302275142835826273e+03
1.250295535043207565e+03
1.221617450940197386e+03
1.273896028937518622e+03
1.196765153076263232e+03
1.234832952252060068e+03
1.355569180339267405e+03
1.286539095642752955e+03
1.357129471920837204e+03
1.335941333888863255e+03
1.311168088688838452e+03
1.307982333702018195e+03
1.443558234282496869e+03
1.287028144154807933e+03
1.147214370207057527e+03
1.338152057538396321e+03
1.280114592324299565e+03
1.214233743443935737e+03
1.349684595096306339e+03
1.312752237322307792e+03
1.270940213460692803e+03
1.306794675582742457e+03
1.118909956028541274e+03
1.316638000107833932e+03
1.330372078286433862e+03
1.234331687907323840e+03
1.249088100028796362e+03
1.264224338956382780e+03
1.359665609734035570e+03
1.400106411807919812e+03
1.230175620311186776e+03
1.191253720100917008e+03
1.271914046728556514e+03
1.271640089431202341e+03
1.337151830141435084e+03
1.268409333516963670e+03
1.310464581333676051e+03
1.314076269599230272e+03
1.331153388572440463e+03
1.126917136902839275e+03
1.230159102548407191e+03
1.232225194910749451e+03
1.337479449857916734e+03
1.267046632806422849e+03
1.232939832949369702e+03
1.175200611764342284e+03
1.210509362539057747e+03
1.200616623845244021e+03
1.136416115430393347e+03
1.274732301481247077e+03
1.211009856924670203e+03
1.265343587844532294e+03
1.331125310612813337e+03
1.306818580396908601e+03
1.249152242933637808e+03
1.213824910487147463e+03
1.208104087624433760e+03
1.237101721218459261e+03
1.342160362677434023e+03
1.245770458788862015e+03
1.161001664791162966e+03
1.217521565610648395e+03
1.235776508884316627e+03
1.292386090466198993e+03
1.175202483599280185e+03
1.147994313558310523e+03
1.206550810185094633e+03
1.235572781318394391e+03
1.210024494545974449e+03
1.230481322590627087e+03
1.318276864359451338e+03
1.272443811550818054e+03
1.129404068643102391e+03
1.150219346066658545e+03
1.226097688783381273e+03
1.216059107942380251e+03
1.305754809331842580e+03
1.140500576912095767e+03
1.330706608878717134e+03
1.294958290892137938e+03
1.217074221691588264e+03
1.415623453004553994e+03
1.307694350227124005e+03
1.348848579177916690e+03
1.243675967351951385e+03
