1110.4551996995713
1418.7995624160835
1334.357720004272
1020.1520715436724
1440.1404032484813
1286.640235491813
1252.9938792700937
1348.7878679179207
1248.258944370485
1229.2493203542926
1166.2974334006344
1347.8613297968589
1071.8310743537431
1153.1324419196972
1324.1740263574993
1528.652617364661
1460.5230250552245
1254.4598331008135
1304.5056103541642
1616.9108107663183
1226.113779550847
1148.0989797902623
1330.1362317219105
1568.5052323969048
1558.2961860384698
1512.8869712578748
1490.0326061206733
1401.4625846391136
1144.941958581398
944.3445694724845
1110.9882983847128
1161.6857726810774
1285.0525124885007
1375.27155332356
1243.237526843799
1401.4953678037928
1382.2007810375214
1446.126525583503
1007.864037078289
1189.2460616450967
1419.1078708668822
1268.8330442940005
1262.4829181395107
1161.6365548213876
1172.3420533864412
1065.5091343934405
1294.7970838654944
1515.164052438426
1256.927709505398
1249.5964544320802
1178.4627202093504
1515.5627908637032
1045.408752585731
1152.6431713661343
954.7651838077743
1117.1110616969447
1466.7393309861425
1363.9398338414435
1289.5582603563807
1292.4241955688253
1293.888800720585
1461.0541594114147
1178.0688241857915
894.6815468103463
1101.228596652701
854.5529425946365
1545.6275917816954
1549.4330376424882
1021.9747696409487
1251.1581528056918
1242.8758901229787
1201.4278829235388
1451.9928867911249
1170.692012564939
1141.1760438807405
1213.3438375444252
1148.9937459584626
1041.1270097309825
1100.8717739130432
1340.250499227634
1415.9336390305834
1295.6485572717022
1394.8747483273216
1191.3276659591309
1139.703024332154
1568.463483230599
1327.9961942625405
1270.7820949477139
1147.4252331264272
1035.561806006732
1300.0702262085651
1213.4841429617927
946.2802053330403
1646.9087454221694
1158.3310489472667
1324.4761930119678
1231.7719978285847
1423.4033266941683
1352.1173263443332
982.79394480029
